v<-c(50,55,55,55,58,59,60,61,63,63,65,65,67,71,71,72,75)
v1<-c(50,55,55,55,58,59)
v1
v2<-c(60,61,63,63,65,65)
v2
v3<-c(67,71,71,72,75)
v3
max=75
min=50
bins=3
equal_width=((max-min)/bins)
equal_width
